HF: -75.768459934
MP2: -76.0079468091
CCSD: -76.0287728106
CCSD(T): -76.0287728106
