HF: -75.76845991865633
MP2: -76.00794679371755
CCSD: -76.02029521214708
CCSD(T): -76.0274434681715
