HF: -75.66617763761414
MP2: -75.92779818025234
CCSD: -75.94453600018495
CCSD(T): -75.95580215888783
