HF: -108.3305827541
MP2: -109.1765272705
CCSD: -108.9119092359
CCSD[T]: -109.0299402389
CCSD(T): -109.0154101572
R-CCSD[T]: -108.9735444691
R-CCSD(T): -108.9658259622
CR-CCSD[T]: -108.959332822
CR-CCSD(T): -108.9543970939
T1 diagnostic: 0.032353402
D[T]: 1.9149923969
D(T): 1.9196440233
