HF: -108.33058275314724
MP2: -109.17652726954637
CCSD: -108.91191026830589
CCSD(T): -109.01538780631266
