HF: -198.6159545893
MP2: -199.0533039551
CCSD: -199.0662953019
CCSD[T]: -199.0869337653
CCSD(T): -199.0859454726
R-CCSD[T]: -199.0834465765
R-CCSD(T): -199.0826217789
CR-CCSD[T]: -199.0820229437
CR-CCSD(T): -199.0812536836
T1 diagnostic: 0.0137594955
D[T]: 1.2033195175
D(T): 1.2035769057
