HF: -198.6159545828846
MP2: -199.05330394858782
CCSD: -199.06630847929324
CCSD(T): -199.08596063855265
