HF: -75.9553726632
MP2: -76.1618167209
CCSD: -76.1737475096
CCSD(T): -76.1737475096
