HF: -75.95537262976138
MP2: -76.1618166872845
CCSD: -76.17120370312044
CCSD(T): -76.17440940054563
