HF: -75.59555540981054
MP2: -75.98169077758318
CCSD: -75.99535119718354
CCSD(T): -76.02955806075911
