HF: -75.57636328051822
MP2: -75.86495079697052
CCSD: -75.88792592638362
CCSD(T): -75.90552491293674
