HF: -75.666177591
MP2: -75.927798134
CCSD: -75.9657579957
CCSD(T): -75.9657579957
