HF: -75.8755133179
MP2: -76.0969310457
CCSD: -76.1112972929
CCSD(T): -76.1112972929
