HF: -75.8755133625087
MP2: -76.09693109074912
CCSD: -76.10698552114032
CCSD(T): -76.11160149711382
